10 0.043956 30.9243 -11.7918 26.801 -8.94438 26.9294 -59.9994 25.011 -20 1489160689.912
10 0.043956044 29.787673 -13.760611 26.821032 -7.6325334 25.158566 -59.385914 25.010989 -20 1489160689.945
10 0.043956044 22.093049 -13.845814 29.858798 -8.4077057 30.517272 -59.999363 25.010989 -9.5461499 1489160689.978
10 0.043956044 20.940083 -15.89736 29.999542 -6.100816 28.629047 -59.999363 25.010989 -10.115251 1489160690.019
8.6250813 0.043956044 15.208552 -20.441388 30.501355 -3.1878558 28.118975 -59.151978 24.692152 -5.1048972 1489160690.068
8.6973146 0.043956044 15.109338 -20.468374 30.281196 -4.0713466 28.520807 -58.367291 24.606169 -4.844098 1489160690.138
5.9050525 0.043956044 13.839745 -20.766799 31.298898 -4.1941851 27.92759 -58.931922 24.150479 -1.2689733 1489160690.189
5.8984065 0.043956044 13.384694 -21.509354 30.990382 -4.7749613 27.570787 -57.716091 24.345709 -1.1374132 1489160690.246
3.7358494 0.043956044 12.840154 -21.432428 31.802041 -4.5316443 27.313739 -58.561558 23.6508 1.1124095 1489160690.283
3.5815693 0.043956044 12.925853 -21.038604 31.970401 -4.1178035 27.68145 -59.216543 23.384062 0.94289016 1489160690.393
-0.3483476 0.043956044 11.719578 -22.029045 33.156642 -3.7285951 26.64438 -59.655523 21.97077 5.1586161 1489160690.443
-0.45095409 0.043956044 11.786212 -21.680242 33.13836 -4.001752 27.16214 -59.650018 21.753716 5.1088205 1489160690.558
-5.8278711 0.043956044 11.234286 -23.491055 34.964066 -3.4159822 24.327744 -59.832526 20.02438 9.7963092 1489160690.629
-5.604171 0.043956044 10.930237 -22.820364 34.679319 -3.7870235 26.524151 -59.916967 19.078973 10.17896 1489160690.663
-7.0440951 0.043956044 10.792152 -23.240964 35.100513 -3.7893306 26.327369 -59.803889 18.292875 11.387698 1489160690.728
-7.4470971 0.043956044 10.746019 -23.281092 35.203695 -3.7088761 26.435852 -59.83878 18.055248 11.452692 1489160690.817
-9.1573772 0.043956044 10.690733 -23.789921 35.771942 -3.6286273 26.242171 -59.812829 17.004985 12.932019 1489160690.856
-9.3715047 0.043956044 10.658908 -23.828283 35.79744 -3.6107618 26.316502 -59.756142 16.935627 12.770591 1489160690.895
-10.543489 0.043956044 10.669593 -24.188934 36.19558 -3.5548293 26.236745 -59.719173 16.192033 13.659457 1489160690.936
-10.843677 0.043956044 10.649412 -24.271997 36.258147 -3.5360058 26.291648 -59.659239 16.066979 13.589017 1489160690.975
-11.679507 0.043956044 10.681936 -24.54506 36.541702 -3.5027433 26.263202 -59.605849 15.543547 14.10951 1489160691.027
-12.251732 0.043956044 10.410717 -25.995482 36.78702 -2.4834176 24.454547 -59.381112 15.980496 13.766008 1489160691.065
-12.733227 0.043956044 10.728288 -24.902415 36.877949 -3.4441854 26.29187 -59.502075 14.939566 14.470025 1489160691.103
-13.208704 0.043956044 10.758632 -25.051539 37.029475 -3.434318 26.36235 -59.454875 14.650239 14.61234 1489160691.13
-13.565579 0.043956044 10.779258 -25.181518 37.137399 -3.4050862 26.393906 -59.411681 14.482931 14.598364 1489160691.163
-14.099636 0.043956044 10.839047 -25.378004 37.321061 -3.4137379 26.423945 -59.339128 14.158059 14.802324 1489160691.194
-14.421134 0.043956044 10.845021 -25.505721 37.427736 -3.328738 26.52936 -59.35212 13.959956 14.784834 1489160691.227
-14.940091 0.043956044 10.937112 -25.704042 37.616301 -3.3599742 26.513875 -59.266719 13.674419 14.95042 1489160691.256
-15.270364 0.043956044 11.004776 -25.819861 37.720397 -3.4072228 26.504901 -59.179908 13.566846 14.889699 1489160691.305
-16.044517 0.043956044 11.173859 -26.114434 38.074856 -3.3205578 26.552513 -59.229842 12.958999 15.374001 1489160691.342
-16.297921 0.043956044 11.187165 -26.263383 38.142609 -3.3279193 26.640295 -59.142965 12.835737 15.29838 1489160691.373
-16.827263 0.043956044 11.332211 -26.461151 38.392132 -3.2619844 26.675574 -59.187999 12.470162 15.480873 1489160691.41
-17.178032 0.043956044 11.399362 -26.659911 38.512901 -3.3174547 26.73399 -59.063352 12.268423 15.519052 1489160691.441
-18.168854 0.043956044 12.300371 -26.945735 38.966641 -4.3776626 24.525435 -58.114457 13.176476 15.088614 1489160691.461
-17.768599 0.043956044 11.544866 -26.916935 38.740575 -3.3447873 26.953844 -58.98787 11.900064 15.458936 1489160691.491
-18.30368 0.043956044 11.771116 -27.139384 38.997608 -3.4366727 26.871355 -58.897764 11.61054 15.619741 1489160691.525
-18.55391 0.043956044 11.811474 -27.318095 39.115502 -3.3225351 26.993143 -58.937285 11.427145 15.553668 1489160691.554
-18.94161 0.043956044 11.954354 -27.537999 39.305058 -3.3282696 27.013025 -58.890242 11.184884 15.608745 1489160691.583
-19.206754 0.043956044 12.050234 -27.680932 39.427397 -3.3385983 27.107713 -58.860367 11.030132 15.546497 1489160691.613
-19.580172 0.043956044 12.209023 -27.887579 39.624311 -3.3454852 27.166344 -58.833737 10.767925 15.604149 1489160691.647
-19.896118 0.043956044 12.347499 -28.075424 39.78899 -3.3585712 27.232219 -58.79899 10.561781 15.599579 1489160691.676
-20.193235 0.043956044 12.487055 -28.252686 39.949847 -3.367371 27.304432 -58.775562 10.368843 15.574281 1489160691.715
-20.627562 0.043956044 12.716644 -28.516749 40.207751 -3.3956985 27.349345 -58.735027 10.01944 15.71847 1489160691.743
-20.824618 0.043956044 12.814394 -28.634698 40.317111 -3.3986251 27.511144 -58.737658 9.8764153 15.613406 1489160691.771
-21.205275 0.043956044 13.041302 -28.899393 40.555162 -3.4056618 27.457794 -58.699889 9.6442444 15.642418 1489160691.81
-21.544912 0.043956044 13.256906 -29.111967 40.776585 -3.4340693 27.54715 -58.682866 9.3608349 15.691611 1489160691.838
-21.7761 0.043956044 13.40841 -29.268665 40.923144 -3.4567651 27.646463 -58.666783 9.2066552 15.604985 1489160691.886
-22.021978 0.043956044 13.256652 -30.262287 41.053163 -3.089807 28.15918 -58.42185 8.3823635 16.126486 1489160691.934
-22.021978 0.043956044 13.013156 -30.931738 41.009135 -2.8224445 28.719541 -58.231584 7.9336963 16.284448 1489160691.985
-22.021978 0.043956044 12.587749 -32.221411 40.962031 -2.2971064 29.711333 -57.878722 6.8835254 16.972301 1489160692.015
-22.021978 0.043956044 12.509297 -32.556993 40.938965 -2.2343959 30.047607 -57.767585 6.7667106 16.868955 1489160692.051
-22.021978 0.043956044 12.166384 -33.877425 40.919767 -1.6936746 30.926563 -57.444818 5.7702596 17.507812 1489160692.08
-22.021978 0.043956044 12.111024 -34.233114 40.902569 -1.6101227 31.127481 -57.351789 5.7605969 17.325972 1489160692.114
-22.021978 0.043956044 11.904116 -35.373935 40.920736 -1.1809913 32.005714 -57.099558 4.8210997 17.891132 1489160692.145
-22.021978 0.043956044 11.900605 -35.668194 40.926686 -1.1491124 32.297522 -57.03766 4.7681259 17.738811 1489160692.176
-22.021978 0.043956044 11.812426 -36.532621 40.948315 -0.88268341 32.930047 -56.833161 4.1527027 18.039592 1489160692.201
-22.021978 0.043956044 11.837158 -36.800714 40.949991 -0.90851769 33.174822 -56.746431 4.1619083 17.855108 1489160692.23
-22.021978 0.043956044 11.737426 -37.762001 40.956635 -0.51749 33.497601 -56.566724 3.7403651 17.987014 1489160692.265
-22.021978 0.043956044 11.814795 -38.052239 41.008603 -0.52602391 33.971236 -56.526761 3.5253106 17.943291 1489160692.289
-22.021978 0.043956044 11.856107 -38.46831 41.040611 -0.44376775 34.282709 -56.463036 3.3833673 17.845963 1489160692.317
-22.021978 0.043956044 11.913605 -38.916535 41.077384 -0.37307108 34.640351 -56.376471 3.1839262 17.793198 1489160692.343
-22.021978 0.043956044 11.986096 -39.25738 41.115449 -0.33119658 34.91932 -56.332712 3.1028668 17.642526 1489160692.368
-22.021978 0.043956044 12.052602 -39.68956 41.150093 -0.24663884 35.186246 -56.264346 2.9812881 17.520289 1489160692.397
-22.021978 0.043956044 12.148802 -40.071796 41.189865 -0.22546873 35.498565 -56.182336 2.8479274 17.412137 1489160692.422
-22.021978 0.043956044 12.240349 -40.413988 41.235379 -0.1591688 35.722698 -56.161279 2.7992541 17.219021 1489160692.452
-22.021978 0.043956044 12.291885 -41.017615 41.244775 0.002313278 35.868925 -56.030954 2.6867622 17.08884 1489160692.485
-22.021978 0.043956044 12.465497 -41.276676 41.333722 -0.016520111 36.299001 -56.025948 2.486843 16.988873 1489160692.515
-22.021978 0.043956044 12.584935 -41.690472 41.374565 0.038809026 36.53519 -55.949791 2.3847104 16.833308 1489160692.541
-22.021978 0.043956044 12.624255 -42.267639 41.354885 0.20470517 36.498238 -55.81889 2.4466256 16.574402 1489160692.577
-22.021978 0.043956044 12.827695 -42.764873 41.272382 -0.26362407 36.952963 -55.214795 2.220059 16.703612 1489160692.739
-22.021978 0.043956044 13.136327 -45.398514 41.430631 1.0656409 37.914156 -54.831395 0.0061821724 17.671601 1489160692.765
-22.021978 0.043956044 13.290843 -45.33783 41.490391 0.94921998 37.996709 -54.942675 0.32350543 17.199487 1489160692.79
-22.021978 0.043956044 13.570267 -46.596694 41.478354 1.2655785 38.411106 -54.512588 -0.46585856 17.406197 1489160692.833
-22.021978 0.043956044 13.764551 -46.843367 41.521207 1.26045 38.557411 -54.508185 -0.39761677 17.070997 1489160692.858
-22.021978 0.043956044 13.994372 -47.245305 41.549262 1.2763433 38.768949 -54.408132 -0.48636372 16.832851 1489160692.886
-22.021978 0.043956044 14.206089 -47.509775 41.585066 1.2640288 38.924503 -54.377616 -0.4439458 16.50693 1489160692.913
-22.021978 0.043956044 14.429146 -47.842189 41.608087 1.2667925 39.087531 -54.305177 -0.4533061 16.207889 1489160692.94
-22.021978 0.043956044 14.614062 -48.165996 41.586401 1.2133991 39.146546 -54.171058 -0.33662371 15.865786 1489160692.966
-22.021978 0.043956044 14.892788 -48.292375 41.703636 1.2593382 39.431181 -54.306347 -0.39225103 15.524518 1489160692.996
-22.021978 0.043956044 15.104259 -48.576665 41.697615 1.2064799 39.533544 -54.198184 -0.310048 15.183649 1489160693.034
-22.021978 0.043956044 15.354885 -49.012486 41.688629 1.2576776 39.696414 -54.066744 -0.4076683 14.90009 1489160693.063
-22.021978 0.043956044 15.572996 -49.159464 41.717111 1.2012293 39.806729 -54.05887 -0.2692019 14.504371 1489160693.1
-22.021978 0.043956044 15.538314 -50.502991 41.10074 0.8402528 39.188224 -52.720951 0.095227675 14.298435 1489160693.135
-22.021978 0.043956044 16.017748 -49.955693 41.646623 1.2996339 39.962172 -53.818008 -0.27028375 13.80393 1489160693.168
-22.021978 0.043956044 16.315627 -50.219233 41.648292 1.2586168 40.209452 -53.714541 -0.36101362 13.498463 1489160693.193
-22.021978 0.043956044 16.567145 -50.215487 41.699564 1.122719 40.382714 -53.74074 -0.20088197 13.091763 1489160693.222
-22.021978 0.043956044 16.809156 -50.56456 41.664425 1.1938344 40.483296 -53.651446 -0.21948247 12.715933 1489160693.253
-22.021978 0.043956044 17.00372 -50.772458 41.639819 1.1873158 40.494787 -53.603832 -0.043504218 12.277094 1489160693.314
-22.021978 0.043956044 17.317032 -51.61606 41.420206 1.425501 40.668219 -53.205178 -0.4816685 12.016714 1489160693.348
-22.021978 0.043956044 17.520057 -51.649209 41.402237 1.2440234 40.713559 -53.136652 -0.19602659 11.57704 1489160693.373
-22.021978 0.043956044 17.651283 -52.332421 41.017875 0.98660996 40.516023 -52.394421 0.0074028087 11.247176 1489160693.412
-22.021978 0.043956044 18.025125 -52.112767 41.30482 1.3420527 40.957614 -53.041415 -0.18056472 10.722939 1489160693.437
-22.021978 0.043956044 18.266391 -52.144095 41.306016 1.2622103 41.081526 -53.047347 -0.023006778 10.283144 1489160693.459
-22.021978 0.043956044 18.487207 -52.232424 41.278654 1.2145102 41.153095 -53.025655 0.14589306 9.831977 1489160693.483
-22.021978 0.043956044 18.669949 -52.401014 41.14565 0.99857825 41.12597 -52.767341 0.42688588 9.4151353 1489160693.504
-22.021978 0.043956044 18.848202 -52.485683 41.17125 1.1453128 41.109324 -52.930884 0.62881815 8.8839373 1489160693.535
-22.021978 0.043956044 19.135677 -52.553853 41.063948 0.90216354 41.339181 -52.702239 0.68145421 8.5310767 1489160693.581
-22.021978 0.043956044 19.390094 -52.658426 41.054463 1.0950184 41.490941 -52.843839 0.6560242 8.0266766 1489160693.612
-22.021978 0.043956044 19.685797 -52.546468 40.979951 0.65596023 41.758789 -52.594493 0.82888746 7.7083144 1489160693.636
-22.021978 0.043956044 19.800429 -52.778796 40.945665 1.0044831 41.588007 -52.782318 1.0352112 7.097519 1489160693.659
-22.021978 0.043956044 20.01007 -52.781511 40.914392 0.93896912 41.654974 -52.779939 1.2393755 6.6411166 1489160693.685
-22.021978 0.043956044 20.202523 -52.868806 40.838375 0.95052347 41.682878 -52.755232 1.4075641 6.1633811 1489160693.711
-22.021978 0.043956044 20.424571 -52.844356 40.79209 0.84390624 41.789632 -52.720872 1.5889024 5.7286569 1489160693.74
-22.021978 0.043956044 20.613906 -52.933654 40.680909 0.81598671 41.821652 -52.639051 1.7569179 5.2649413 1489160693.771
-22.021978 0.043956044 20.82702 -52.939433 40.610344 0.7816268 41.918466 -52.620933 1.8999656 4.8081624 1489160693.8
-22.021978 0.043956044 21.024228 -52.951493 40.531951 0.73726918 41.981382 -52.587513 2.0779965 4.3517412 1489160693.828
-22.021978 0.043956044 21.316973 -52.779858 40.429384 0.32031987 42.283043 -52.354929 2.2149384 4.0383624 1489160693.851
-22.021978 0.043956044 21.398759 -53.075441 40.014576 -0.29852064 42.068343 -51.537257 2.7320612 3.7478475 1489160693.874
-22.021978 0.043956044 21.613176 -52.861937 40.36011 0.64039672 42.192726 -52.618484 2.6268183 2.9705703 1489160693.902
-22.021978 0.043956044 21.786626 -52.913709 40.165255 0.41754118 42.225914 -52.351562 2.8608242 2.5756877 1489160693.926
-22.021978 0.043956044 22.005849 -52.788425 40.109066 0.21629916 42.36433 -52.28558 3.071775 2.1878469 1489160693.951
-22.021978 0.043956044 22.170501 -52.782866 40.055581 0.38112227 42.389551 -52.422036 3.2098046 1.6624027 1489160693.981
-22.021978 0.043956044 22.341475 -52.776409 39.931515 0.35747264 42.438896 -52.373254 3.3823469 1.2037879 1489160694.013
-22.021978 0.043956044 22.511667 -52.785766 39.728617 0.16822403 42.497293 -52.143259 3.5882715 0.79989745 1489160694.038
-22.021978 0.043956044 22.640631 -52.784629 39.698033 0.37413328 42.44529 -52.321135 3.7897335 0.26979937 1489160694.067
-22.021978 0.043956044 22.825256 -52.744764 39.489356 0.19949166 42.563643 -52.118959 3.9445131 -0.13762437 1489160694.101
-22.021978 0.043956044 23.16512 -52.288761 39.542528 0.05973633 43.050257 -52.323725 3.9157481 -0.52834449 1489160694.135
-22.021978 0.043956044 23.097892 -52.757628 39.171037 0.35488965 42.582007 -52.096375 4.2663048 -1.1361876 1489160694.166
-22.021978 0.043956044 23.242373 -52.741445 38.950079 0.1792987 42.617512 -51.873508 4.4946165 -1.5369345 1489160694.194
-22.021978 0.043956044 23.373817 -52.697946 38.841168 0.32651782 42.627967 -51.970958 4.6522444 -2.0486684 1489160694.233
-22.021978 0.043956044 23.515002 -52.663713 38.569617 0.37248709 42.721125 -51.877585 4.7351821 -2.5640764 1489160694.264
-22.021978 0.043956044 23.678154 -52.59266 38.280289 -0.15082645 42.809337 -51.391065 5.0530992 -2.8262383 1489160694.289
-22.021978 0.043956044 23.796986 -52.52254 38.168602 0.079319139 42.822075 -51.557798 5.1834346 -3.372522 1489160694.316
-22.021978 0.043956044 23.920342 -52.426575 38.090824 0.27651924 42.837338 -51.734803 5.3391766 -3.8876175 1489160694.344
-22.021978 0.043956044 24.033536 -52.382428 37.846571 0.18292332 42.851547 -51.566328 5.5602643 -4.3176521 1489160694.365
-22.021978 0.043956044 23.714664 -53.21727 37.380622 0.71684177 41.781471 -51.287276 6.2197412 -5.0155202 1489160694.392
-22.021978 0.043956044 24.221333 -52.290199 37.482255 0.28913472 42.801046 -51.540855 5.9738521 -5.2425609 1489160694.422
-22.021978 0.043956044 24.387882 -52.084189 37.368254 0.19629456 42.943317 -51.539181 6.1469774 -5.6258933 1489160694.448
-22.021978 0.043956044 24.531412 -51.904878 37.222618 0.20154773 43.052201 -51.569304 6.3001075 -6.0647155 1489160694.487
-22.021978 0.043956044 24.599788 -51.869841 36.865819 0.19989844 43.038317 -51.37938 6.4896641 -6.5712048 1489160694.515
-22.021978 0.043956044 24.713821 -51.744448 36.725156 0.15658051 43.060348 -51.353543 6.7239644 -6.9639488 1489160694.546
-22.021978 0.043956044 24.791431 -51.641136 36.418302 0.2443801 43.08297 -51.291461 6.8753457 -7.4986853 1489160694.601
-22.021978 0.043956044 24.857321 -51.49537 36.10184 0.55135336 43.122646 -51.393125 6.9425655 -8.1604555 1489160694.64
-22.021978 0.043956044 25.050908 -51.196235 35.767931 -0.019912156 43.406483 -50.952672 7.1625546 -8.3845798 1489160694.666
-22.021978 0.043956044 25.140859 -51.04909 35.540765 -0.040337209 43.438398 -50.894319 7.3719239 -8.7999173 1489160694.698
-22.021978 0.043956044 25.211151 -50.89854 35.251638 0.017300249 43.463592 -50.845174 7.551331 -9.283195 1489160694.73
-22.021978 0.043956044 25.277054 -50.770277 34.964858 -0.017218064 43.461188 -50.724249 7.782386 -9.708796 1489160694.76
-22.021978 0.043956044 26.327466 -48.649428 35.485293 -1.1553172 45.73916 -51.372034 7.1047599 -9.5519168 1489160694.79
-22.021978 0.043956044 25.435158 -50.420473 34.447129 -0.027630184 43.515186 -50.614411 8.2055113 -10.594146 1489160694.82
-22.021978 0.043956044 25.538491 -50.247761 34.002194 -0.59599034 43.607146 -50.043537 8.5441894 -10.823451 1489160694.867
-22.021978 0.043956044 25.316208 -50.699433 32.78408 -1.5870225 43.037859 -48.348551 9.3095797 -11.141461 1489160694.923
-22.021978 0.043956044 25.569492 -49.814998 33.288533 0.11508475 43.576758 -50.293742 8.7583337 -12.167413 1489160694.97
-22.021978 0.043956044 25.452402 -49.926676 32.624837 0.028972742 43.196779 -49.756961 9.2033446 -12.745235 1489160695.008
-22.021978 0.043956044 25.747469 -49.208294 32.536217 -0.087080066 43.794057 -49.984286 9.1582059 -13.103337 1489160695.041
-22.021978 0.043956044 25.759893 -49.089557 32.040555 -0.39873261 43.703425 -49.514959 9.5368124 -13.477785 1489160695.074
-22.021978 0.043956044 26.046236 -48.266953 32.173169 0.04422029 44.277742 -50.309573 9.3691537 -14.043123 1489160695.097
-22.021978 0.043956044 25.862248 -48.647831 31.675385 0.014318941 43.644301 -49.802216 9.9316995 -14.434944 1489160695.181
-22.021978 0.043956044 25.832417 -47.925157 30.520112 0.4498441 43.679948 -49.553461 10.034185 -15.954724 1489160695.231
-22.021978 0.043956044 25.599346 -48.28127 30.198194 0.87659924 42.920035 -49.482494 10.560255 -16.506337 1489160695.268
-22.021978 0.043956044 25.954099 -47.222831 29.718205 0.41529169 43.682296 -49.305817 10.56983 -17.062211 1489160695.312
-22.021978 0.043956044 26.054746 -46.859797 29.518392 0.45013478 43.750393 -49.375309 10.78797 -17.480076 1489160695.343
-22.021978 0.043956044 26.100821 -46.572247 29.063559 0.24495275 43.686291 -49.057191 11.144771 -17.940218 1489160695.375
-22.021978 0.043956044 26.050771 -46.455668 28.87446 0.74620969 43.374471 -49.317362 11.421342 -18.562274 1489160695.417
-22.021978 0.043956044 26.260318 -45.775272 28.37228 0.25900098 43.681066 -48.935383 11.689931 -19.025408 1489160695.454
-22.021978 0.043956044 26.292029 -45.53303 28.169175 0.44407565 43.552844 -49.034704 11.962456 -19.492948 1489160695.496
-22.021978 0.043956044 26.46669 -44.882614 27.649474 0.061711122 43.753356 -48.691275 12.264067 -20 1489160695.579
-22.021978 0.043956044 27.065853 -43.42431 26.95077 -1.5575475 44.969804 -47.820958 12.455248 -20 1489160695.628
-22.017084 0.043956044 27.24475 -42.865553 26.551104 -2.1293102 45.295321 -47.490619 12.74433 -19.999547 1489160695.668
-22.021978 0.043956044 27.908912 -41.283774 26.532393 -2.6580074 46.620047 -47.920904 12.56664 -20 1489160695.719
-22.021978 0.043956044 28.511969 -39.803225 26.547601 -3.0138714 47.785851 -48.43941 12.434228 -20 1489160695.758
-22.021978 0.043956044 28.851743 -38.837386 26.548789 -3.0416702 48.405485 -48.919295 12.472423 -20 1489160695.801
-22.021978 0.043956044 29.45636 -37.33 26.562176 -3.3549316 49.472041 -49.46026 12.422491 -20 1489160695.836
-22.021978 0.043956044 29.548182 -36.804592 26.548578 -3.0367466 49.59426 -49.92423 12.627657 -20 1489160695.87
-22.021978 0.043956044 29.930433 -35.718428 26.549878 -3.0671689 50.193339 -50.423538 12.739382 -20 1489160695.903
-22.021978 0.043956044 29.993687 -35.234704 26.534146 -2.699022 50.226303 -50.874024 13.000276 -20 1489160695.938
-22.021978 0.043956044 30.282113 -34.325063 26.530238 -2.6075855 50.608647 -51.34405 13.200331 -20 1489160695.975
-22.021978 0.043956044 30.418459 -33.698619 26.517899 -2.3188474 50.714842 -51.789862 13.479593 -20 1489160696.008
-22.021978 0.043956044 30.532865 -33.118868 26.504444 -2.0040112 50.761374 -52.219806 13.787262 -20 1489160696.042
-22.021978 0.043956044 30.630795 -32.578815 26.490274 -1.6724189 50.755988 -52.632179 14.122415 -20 1489160696.092
-21.053728 0.043956044 29.974799 -32.085429 26.408488 0.24184962 52.699402 -53.623776 13.309095 -19.999981 1489160696.388
-17.117066 0.043956044 31.152653 -25.759305 26.408322 0.24525795 64.357383 -54.677978 9.2883657 -20 1489160696.448
-18.209604 0.043956044 31.034068 -26.239156 26.382651 0.84596398 61.11416 -55.03029 11.185357 -20 1489160696.54
-12.804106 0.043956044 29.970525 -23.371593 26.274554 3.375418 71.240643 -54.715804 7.6275262 -20 1489160696.577
-14.333263 0.043956044 29.734858 -24.049326 26.238171 4.2267919 67.159496 -55.30686 9.8837371 -20 1489160696.617
-11.776085 0.043956044 29.178427 -22.690171 26.182676 5.5253719 70.933726 -54.885356 9.1670882 -20 1489160696.649
-13.240366 0.043956044 29.046001 -23.292773 26.152255 6.237224 67.026927 -55.441726 11.365617 -20 1489160696.672
-13.139277 0.043956044 29.255384 -22.427322 26.143568 6.4404964 66.702865 -55.53301 12.269333 -20 1489160696.709
-13.996483 0.043956044 29.239835 -22.652366 26.119019 7.0149426 64.102512 -55.902541 13.915233 -20 1489160696.742
-13.95764 0.043956044 29.083695 -22.558433 26.090687 7.6779068 63.153284 -56.01591 14.905932 -20 1489160696.768
-14.767064 0.043956044 29.30085 -22.570679 26.081277 7.8981085 60.884232 -56.309244 16.395197 -20 1489160696.814
-13.714799 0.043956044 28.960546 -22.084757 26.049368 8.6447721 61.863126 -56.132725 16.607592 -20 1489160696.845
-14.414484 0.043956044 29.066916 -22.275473 26.034106 9.0018984 59.689384 -56.398739 17.983371 -20 1489160696.889
-13.150309 0.043956044 28.88311 -21.455632 26.017474 9.3910873 61.212531 -56.068918 18.043127 -20 1489160696.925
-13.701554 0.043956044 28.978831 -21.600557 26.002874 9.7327458 59.328964 -56.285378 19.283178 -20 1489160696.974
-12.164449 0.043956044 28.735408 -20.754065 25.988959 10.058357 61.171364 -55.788449 19.263747 -20 1489160697.009
-12.742645 0.043956044 28.920093 -20.805159 25.979524 10.279125 59.351034 -56.002815 20.464121 -20 1489160697.044
-11.551934 0.043956044 28.481917 -20.542203 25.951102 10.944191 60.301024 -55.639462 20.647106 -20 1489160697.092
-11.431263 0.043956044 28.239155 -20.774735 25.922931 11.603401 59.380735 -55.653091 21.440006 -20 1489160697.165
-9.5084389 0.043956044 28.057471 -19.729346 25.92508 11.553125 61.685315 -54.82754 21.363258 -20 1489160697.212
-9.5902593 0.043956044 27.893007 -19.996715 25.899646 12.148262 60.409932 -54.900918 22.281933 -20 1489160697.267
