10 0.043956 29.5435 -14.2072 26.7439 -7.60831 24.8117 -58.9555 24.9618 -20 1.48916e+09
10 0.043956 28.7271 -15.7044 26.7457 -6.69221 23.3711 -58.4659 25.011 -20 1.48916e+09
10 0.043956 21.7089 -15.1659 29.914 -6.88424 28.8508 -59.9994 25.011 -10.1825 1.48916e+09
10 0.043956 20.7283 -16.9686 30.0041 -4.91186 27.1598 -59.999 25.011 -10.6636 1.48916e+09
7.98945 0.043956 13.879 -22.1716 30.2639 -3.59498 27.0101 -57.5382 24.6225 -3.48812 1.48916e+09
8.24509 0.043956 13.1484 -23.359 30.0656 -3.01554 26.4144 -56.9511 24.7619 -3.6884 1.48916e+09
0.195299 0.043956 11.1865 -23.3784 32.9409 -3.17859 25.5879 -59.0973 22.1091 5.74453 1.48916e+09
0.128806 0.043956 11.1346 -23.535 32.8846 -3.25981 25.367 -58.7919 22.2261 5.42818 1.48916e+09
-3.55142 0.043956 10.4465 -24.2 34.0215 -3.04497 25.089 -59.2134 20.2712 9.32966 1.48916e+09
-3.61752 0.043956 10.4071 -24.1861 34.0009 -2.97163 25.1568 -59.1904 20.2596 9.01983 1.48916e+09
-5.50193 0.043956 10.0732 -24.8536 34.5253 -2.90821 24.8308 -59.0225 19.2497 10.7884 1.48916e+09
-5.79355 0.043956 10.1422 -24.7085 34.612 -2.89444 24.9154 -59.1173 19.1364 10.6404 1.48916e+09
-6.85869 0.043956 9.64404 -27.3536 35.1613 -0.854844 21.0472 -58.9143 20.1302 10.1448 1.48916e+09
-7.1332 0.043956 9.9925 -25.0444 34.9611 -2.80361 24.8933 -59.0259 18.3968 11.3641 1.48916e+09
-7.76579 0.043956 9.93834 -25.2326 35.1207 -2.79888 24.8472 -58.9254 18.0754 11.6671 1.48916e+09
-8.26234 0.043956 9.89775 -25.3572 35.2457 -2.75582 24.8656 -58.8846 17.812 11.8223 1.48916e+09
-8.82469 0.043956 9.86471 -25.5065 35.3988 -2.70472 24.876 -58.8519 17.5004 12.0488 1.48916e+09
-9.32979 0.043956 9.90413 -25.5697 35.5042 -2.9189 24.8854 -58.6423 17.2843 12.2106 1.48916e+09
-9.89519 0.043956 9.89674 -25.7351 35.6678 -2.87337 24.8615 -58.6027 16.9857 12.4203 1.48916e+09
-10.9628 0.043956 10.6652 -25.8292 36.2557 -3.07395 22.9309 -58.5407 17.5856 11.9997 1.48916e+09
-10.9102 0.043956 9.82243 -26.1314 35.9798 -2.54844 24.874 -58.6664 16.3714 12.7429 1.48916e+09
-11.3576 0.043956 9.82152 -26.2723 36.1018 -2.52571 24.9109 -58.6116 16.1243 12.8493 1.48916e+09
-11.8912 0.043956 9.84938 -26.4486 36.2647 -2.51201 24.8971 -58.5485 15.8369 13.0296 1.48916e+09
-12.2872 0.043956 9.86932 -26.5911 36.3552 -2.59756 24.8959 -58.3898 15.668 13.0761 1.48916e+09
-13.0302 0.043956 10.0001 -27.0788 36.4982 -3.20882 24.3004 -57.557 15.6101 13.387 1.48916e+09
-13.1902 0.043956 9.89957 -26.8919 36.6477 -2.45812 25.0793 -58.3971 15.0686 13.3545 1.48916e+09
-13.8153 0.043956 9.97633 -27.1525 36.8746 -2.41877 25.019 -58.3433 14.7021 13.6319 1.48916e+09
-14.1502 0.043956 10.0097 -27.2876 36.9782 -2.38851 25.0279 -58.3033 14.5562 13.5941 1.48916e+09
-15.0771 0.043956 10.2063 -27.6465 37.3714 -2.35162 24.9359 -58.2828 13.9202 14.2019 1.48916e+09
-15.3217 0.043956 10.2057 -27.7497 37.4125 -2.42195 25.1134 -58.1648 13.7585 14.1679 1.48916e+09
-15.9713 0.043956 10.3447 -28.0355 37.6827 -2.40339 25.1241 -58.1203 13.2946 14.5184 1.48916e+09
-16.4718 0.043956 10.815 -27.5379 37.9291 -2.93398 25.3434 -58.1713 13.1006 14.5271 1.48916e+09
-16.8378 0.043956 10.5401 -28.4431 38.0438 -2.31518 25.1826 -58.091 12.7444 14.7093 1.48916e+09
-17.6485 0.043956 11.8249 -26.6828 38.5893 -3.70433 25.6657 -58.5267 12.5259 14.6821 1.48916e+09
-17.4995 0.043956 10.7661 -28.6776 38.2733 -2.56236 25.2603 -57.8433 12.4538 14.6662 1.48916e+09
-18.1914 0.043956 11.1766 -28.9309 38.7271 -2.30361 24.5432 -58.0889 12.3968 14.573 1.48916e+09
-18.3437 0.043956 10.9567 -29.2428 38.6877 -2.26456 25.3914 -57.936 11.7597 14.9242 1.48916e+09
-18.8011 0.043956 11.1398 -29.4947 38.9207 -2.24004 25.3484 -57.9145 11.4764 15.0218 1.48916e+09
-19.5991 0.043956 12.1244 -29.0562 39.163 -4.42635 24.4679 -56.4996 11.9706 14.9703 1.48916e+09
-19.3796 0.043956 11.3733 -29.7843 39.1725 -2.33059 25.5222 -57.8056 11.117 14.9407 1.48916e+09
-19.8727 0.043956 11.604 -30.0664 39.4451 -2.34401 25.5724 -57.7705 10.7077 15.1516 1.48916e+09
-20.1512 0.043956 11.7312 -30.2416 39.587 -2.34994 25.6483 -57.742 10.5281 15.1056 1.48916e+09
-20.6684 0.043956 12.007 -30.5788 39.908 -2.30586 25.6435 -57.7464 10.0913 15.3237 1.48916e+09
-21.1644 0.043956 12.4866 -30.9954 40.0602 -3.30002 24.3921 -56.6567 10.7053 14.9889 1.48916e+09
-20.9856 0.043956 11.739 -31.924 40.0054 -1.54829 25.5729 -57.5443 9.70003 15.2261 1.48916e+09
-21.6757 0.043956 12.6101 -31.2444 40.5226 -2.37248 25.9222 -57.6618 9.2343 15.4625 1.48916e+09
-21.9679 0.043956 12.8211 -31.4453 40.7065 -2.42895 25.9096 -57.605 9.08374 15.3952 1.48916e+09
-22.022 0.043956 12.4849 -32.4241 40.6514 -2.04124 26.5684 -57.3075 8.36952 15.7993 1.48916e+09
-22.022 0.043956 12.3216 -32.8705 40.5982 -1.87662 26.971 -57.1779 8.13016 15.7713 1.48916e+09
-22.022 0.043956 11.945 -33.9803 40.512 -1.42731 27.706 -56.8599 7.3555 16.2322 1.48916e+09
-22.022 0.043956 11.7873 -34.527 40.4658 -1.24567 28.1434 -56.7066 7.05437 16.2774 1.48916e+09
-22.022 0.043956 11.5333 -35.475 40.3429 -1.08717 28.4744 -56.234 6.70163 16.4689 1.48916e+09
-22.022 0.043956 11.2089 -36.8342 40.3427 -0.38325 29.5721 -56.0818 5.46029 17.2371 1.48916e+09
-22.022 0.043956 11.1739 -37.1634 40.3478 -0.245221 29.8738 -56.0855 5.35788 17.0922 1.48916e+09
-22.022 0.043956 10.9385 -38.5586 40.2912 0.195924 30.6597 -55.6648 4.3769 17.731 1.48916e+09
-22.022 0.043956 10.9434 -38.8638 40.2844 0.217744 30.9356 -55.5945 4.33014 17.5714 1.48916e+09
-22.022 0.043956 10.7029 -40.3195 40.1902 0.815338 30.9987 -55.2266 3.88473 17.763 1.48916e+09
-22.022 0.043956 10.8214 -40.727 40.2922 0.860027 32.0356 -55.2192 3.11891 18.1065 1.48916e+09
-22.022 0.043956 10.8425 -41.1852 40.2628 0.851525 32.2727 -55.0311 3.04689 17.9973 1.48916e+09
-22.022 0.043956 10.8283 -42.3672 40.252 1.19471 32.8257 -54.7109 2.29791 18.3721 1.48916e+09
-22.022 0.043956 10.9062 -42.6904 40.2735 1.22504 33.0832 -54.677 2.25035 18.1864 1.48916e+09
-22.022 0.043956 10.9678 -43.5428 40.283 1.45316 33.4927 -54.4781 1.7781 18.315 1.48916e+09
-22.022 0.043956 11.0566 -43.9219 40.2952 1.48857 33.7039 -54.4117 1.73966 18.1205 1.48916e+09
-22.022 0.043956 11.1671 -44.5808 40.326 1.66577 34.0612 -54.3031 1.39697 18.1175 1.48916e+09
-22.022 0.043956 11.2923 -45.0007 40.3381 1.66676 34.3278 -54.1863 1.28648 17.9751 1.48916e+09
-22.022 0.043956 11.4127 -45.5776 40.3488 1.78086 34.5669 -54.0645 1.09599 17.8621 1.48916e+09
-22.022 0.043956 11.5463 -45.8979 40.3785 1.81474 34.7578 -54.0452 1.08818 17.607 1.48916e+09
-22.022 0.043956 11.6924 -46.4725 40.3887 1.91906 34.996 -53.9154 0.888716 17.4828 1.48916e+09
-22.022 0.043956 11.8556 -46.7608 40.4229 1.91287 35.2166 -53.8847 0.868437 17.2321 1.48916e+09
-22.022 0.043956 12.031 -47.1531 40.4512 1.94175 35.4555 -53.8133 0.765054 17.0305 1.48916e+09
-22.022 0.043956 12.1978 -47.4445 40.4772 1.93411 35.634 -53.7721 0.775668 16.7532 1.48916e+09
-22.022 0.043956 12.3768 -47.8228 40.5096 1.99866 35.8281 -53.7373 0.70297 16.5052 1.48916e+09
-22.022 0.043956 12.5591 -48.1287 40.5378 2.00704 36.0084 -53.6977 0.69078 16.2271 1.48916e+09
-22.022 0.043956 12.7566 -48.4438 40.5555 1.97268 36.2096 -53.6099 0.659112 15.9724 1.48916e+09
-22.022 0.043956 12.9651 -48.7341 40.5469 1.82644 36.4202 -53.4314 0.657015 15.7366 1.48916e+09
-22.022 0.043956 13.1511 -49.0296 40.6045 1.9645 36.5493 -53.5143 0.653051 15.3879 1.48916e+09
-22.022 0.043956 13.3475 -49.432 40.6009 1.99374 36.6836 -53.4064 0.61176 15.1122 1.48916e+09
-22.022 0.043956 13.5673 -49.6925 40.644 2.0259 36.8721 -53.4116 0.584675 14.8001 1.48916e+09
-22.022 0.043956 13.792 -49.9523 40.6579 1.97004 37.0579 -53.3279 0.58012 14.506 1.48916e+09
-22.022 0.043956 14.0201 -50.4487 40.6375 2.05622 37.2103 -53.1898 0.437956 14.25 1.48916e+09
-22.022 0.043956 14.2305 -50.6112 40.6641 2.00735 37.3415 -53.1778 0.533788 13.881 1.48916e+09
-22.022 0.043956 14.4976 -50.9508 40.6878 2.07004 37.5768 -53.1347 0.386943 13.6005 1.48916e+09
-22.022 0.043956 14.7449 -51.373 40.6952 2.2375 37.7344 -53.1167 0.240257 13.2789 1.48916e+09
-22.022 0.043956 14.9447 -51.6731 40.6214 2.08852 37.7872 -52.8793 0.358742 12.9429 1.48916e+09
-22.022 0.043956 15.1695 -51.9671 40.6065 2.11892 37.89 -52.8168 0.371724 12.5781 1.48916e+09
-22.022 0.043956 15.403 -52.1578 40.6087 2.08953 38.0224 -52.7776 0.425171 12.2037 1.48916e+09
-22.022 0.043956 15.4568 -52.8009 40.4042 2.17489 37.6483 -52.4546 0.717452 11.7314 1.48916e+09
-22.022 0.043956 15.9108 -52.9668 40.4855 2.24238 38.2883 -52.5175 0.204198 11.5287 1.48916e+09
-22.022 0.043956 16.0853 -53.0733 40.4381 2.05254 38.281 -52.3793 0.494808 11.1067 1.48916e+09
-22.022 0.043956 16.4015 -53.5229 40.3372 2.14618 38.5333 -52.1984 0.209391 10.8046 1.48916e+09
-22.022 0.043956 16.6101 -53.5558 40.3783 2.15524 38.6055 -52.3066 0.393533 10.3364 1.48916e+09
-22.022 0.043956 16.9025 -54.3305 40.1028 2.38375 38.7364 -51.9287 -0.0139395 10.0109 1.48916e+09
-22.022 0.043956 17.1354 -54.5468 39.0103 -1.09771 38.9014 -48.5275 1.06537 10.5446 1.48916e+09
-22.022 0.043956 17.288 -55.0873 39.4852 1.53095 38.6856 -50.6276 0.368328 9.3607 1.48916e+09
-22.022 0.043956 17.5554 -54.7328 39.9471 2.32924 38.9518 -51.8253 0.337676 8.65406 1.48916e+09
-22.022 0.043956 17.7962 -55.1048 39.7335 2.35698 39.0407 -51.5765 0.261951 8.23133 1.48916e+09
-22.022 0.043956 18.034 -55.007 39.7251 2.09518 39.1959 -51.5102 0.505029 7.83194 1.48916e+09
-22.022 0.043956 18.2618 -55.192 39.6751 2.38083 39.2849 -51.6693 0.460977 7.29677 1.48916e+09
-22.022 0.043956 18.4381 -55.2745 39.5856 2.25028 39.2728 -51.553 0.724123 6.845 1.48916e+09
-22.022 0.043956 18.6527 -55.387 39.4774 2.23401 39.3532 -51.4851 0.821879 6.38285 1.48916e+09
-22.022 0.043956 18.8735 -55.377 39.4644 2.27609 39.4639 -51.5901 0.945761 5.8988 1.48916e+09
-22.022 0.043956 19.0715 -55.469 39.3168 2.12222 39.5163 -51.4026 1.12414 5.4691 1.48916e+09
-22.022 0.043956 19.2638 -55.5435 39.0978 1.67802 39.5604 -50.9565 1.41251 5.12621 1.48916e+09
-22.022 0.043956 19.4743 -55.47 39.2051 2.0631 39.6648 -51.4285 1.46523 4.53976 1.48916e+09
-22.022 0.043956 19.611 -55.7001 38.9715 2.05235 39.5775 -51.2196 1.64742 4.04315 1.48916e+09
-22.022 0.043956 19.8833 -55.6709 38.6466 1.31155 39.858 -50.5237 1.82096 3.81461 1.48916e+09
-22.022 0.043956 20.0626 -55.8117 38.3663 1.16512 39.9102 -50.2207 1.93785 3.36833 1.48916e+09
-22.022 0.043956 20.2733 -55.5894 38.6545 1.8761 40.0399 -51.1314 1.94175 2.69078 1.48916e+09
-22.022 0.043956 20.3963 -55.842 38.3228 2.00068 39.9722 -50.9463 2.01691 2.12147 1.48916e+09
-22.022 0.043956 20.659 -55.5773 38.3641 1.9106 40.2601 -51.1051 2.12463 1.72604 1.48916e+09
-22.022 0.043956 20.8339 -55.8748 37.616 1.68382 40.442 -50.3521 1.96584 1.22453 1.48916e+09
-22.022 0.043956 21.0017 -55.7611 37.6091 1.68642 40.4892 -50.4808 2.21273 0.785136 1.48916e+09
-22.022 0.043956 21.1908 -55.7288 37.3074 1.74972 40.6849 -50.4131 2.18161 0.247655 1.48916e+09
-22.022 0.043956 21.2903 -55.7847 37.1146 1.83014 40.6004 -50.3946 2.41494 -0.27108 1.48916e+09
-22.022 0.043956 21.4193 -55.8057 36.7799 1.8563 40.6531 -50.2559 2.51488 -0.811245 1.48916e+09
-22.022 0.043956 21.5369 -55.7917 36.5627 1.83201 40.6418 -50.1761 2.73928 -1.29271 1.48916e+09
-22.022 0.043956 21.6914 -55.6668 36.4481 1.85138 40.7246 -50.2464 2.92337 -1.75454 1.48916e+09
-22.022 0.043956 21.8266 -55.5859 36.2095 1.83326 40.7961 -50.185 3.08652 -2.24391 1.48916e+09
-22.022 0.043956 21.9574 -55.4983 35.953 1.7761 40.8654 -50.0863 3.26616 -2.72214 1.48916e+09
-22.022 0.043956 22.0671 -55.4774 35.4569 1.33106 40.9185 -49.5093 3.5332 -3.11673 1.48916e+09
-22.022 0.043956 22.1662 -55.3564 35.417 1.85231 40.9103 -49.9961 3.62412 -3.76678 1.48916e+09
-22.022 0.043956 22.2259 -55.2985 34.7475 1.95809 40.9964 -49.733 3.63021 -4.51372 1.48916e+09
-22.022 0.043956 22.3554 -55.1343 34.6407 1.94818 41.0458 -49.8019 3.8771 -4.94022 1.48916e+09
-22.022 0.043956 22.3629 -55.0528 33.7788 2.07675 41.0923 -49.4419 3.88805 -5.82075 1.48916e+09
-22.022 0.043956 22.4959 -54.8707 33.6121 1.86284 41.1612 -49.3287 4.1928 -6.17001 1.48916e+09
-22.022 0.043956 22.526 -54.686 32.9984 2.08394 41.2029 -49.2433 4.26921 -6.9921 1.48916e+09
-22.022 0.043956 22.61 -54.5402 32.7355 1.9796 41.1931 -49.1302 4.57106 -7.43871 1.48916e+09
-22.022 0.043956 22.6638 -54.2467 32.1546 2.13434 41.2986 -49.0606 4.66704 -8.23434 1.48916e+09
-22.022 0.043956 22.4644 -54.5552 31.6696 2.63724 40.5899 -49.041 5.1423 -9.07046 1.48916e+09
-22.022 0.043956 22.7951 -53.7485 31.3479 2.17526 41.3745 -48.9112 5.11783 -9.45297 1.48916e+09
-22.022 0.043956 22.8551 -53.4775 30.9507 2.23007 41.3985 -48.8696 5.35224 -10.0824 1.48916e+09
-22.022 0.043956 22.8878 -53.2089 30.4442 2.24665 41.3787 -48.723 5.61771 -10.7679 1.48916e+09
-22.022 0.043956 22.9244 -52.7315 29.7206 2.34988 41.4736 -48.5745 5.79134 -11.707 1.48916e+09
-22.022 0.043956 23.0279 -52.3843 29.3728 2.18013 41.5682 -48.4277 6.08728 -12.1925 1.48916e+09
-22.022 0.043956 23.0441 -51.9273 28.7244 2.38366 41.5494 -48.3768 6.32651 -13.1541 1.48916e+09
-22.022 0.043956 23.1121 -51.5437 28.2589 2.28172 41.568 -48.2016 6.65167 -13.7837 1.48916e+09
-22.022 0.043956 23.234 -50.8968 27.7275 2.30069 41.7595 -48.1636 6.87021 -14.6114 1.48916e+09
-22.022 0.043956 23.2194 -50.566 27.191 2.47629 41.5416 -48.0935 7.25234 -15.4702 1.48916e+09
-22.022 0.043956 23.3085 -50.0693 26.7977 2.56336 41.5646 -48.1242 7.5493 -16.1978 1.48916e+09
-22.022 0.043956 23.3947 -49.6691 26.4392 2.4748 41.5487 -48.0166 7.91078 -16.761 1.48916e+09
-22.022 0.043956 24.1292 -47.6812 26.3232 2.23908 43.081 -48.5664 7.66734 -17.5797 1.48916e+09
-22.022 0.043956 23.9049 -47.8024 26.2645 3.60963 42.2849 -49.4185 8.03258 -18.6134 1.48916e+09
-22.022 0.043956 24.8635 -45.1611 26.2527 3.88696 44.1523 -50.5577 7.56151 -20 1.48916e+09
-22.022 0.043956 25.1555 -44.5882 26.2709 3.46203 44.5649 -50.5307 7.86016 -20 1.48916e+09
-22.022 0.043956 26.5396 -41.598 26.3423 1.78939 47.3059 -50.6614 7.48819 -20 1.48916e+09
-22.022 0.043956 26.6613 -41.2306 26.3422 1.7934 47.3928 -50.8316 7.86491 -20 1.48916e+09
-22.022 0.043956 27.6398 -39.0825 26.3861 0.764891 49.126 -51.0771 7.81038 -20 1.48916e+09
-22.022 0.043956 27.6355 -38.8695 26.3742 1.04459 48.9877 -51.341 8.2435 -20 1.48916e+09
-22.022 0.043956 28.4449 -37.0363 26.4058 0.304446 50.3022 -51.6462 8.3267 -20 1.48916e+09
-22.022 0.043956 28.3655 -36.9021 26.3866 0.754431 50.0293 -51.96 8.79929 -20 1.48916e+09
-22.022 0.043956 28.8453 -35.6934 26.3984 0.477166 50.6988 -52.2796 9.06118 -20 1.48916e+09
-22.022 0.043956 28.7602 -35.5521 26.3778 0.960148 50.3973 -52.599 9.55039 -20 1.48916e+09
-22.022 0.043956 29.0715 -34.6685 26.3799 0.911014 50.7351 -52.9075 9.90558 -20 1.48916e+09
-22.022 0.043956 29.0228 -34.4636 26.3611 1.34977 50.4658 -53.2136 10.3981 -20 1.48916e+09
-22.022 0.043956 29.2507 -33.7508 26.3586 1.40927 50.6248 -53.5039 10.806 -20 1.48916e+09
-22.022 0.043956 29.1975 -33.5677 26.3396 1.8531 50.3182 -53.7923 11.3151 -20 1.48916e+09
-22.022 0.043956 29.5723 -32.5951 26.3457 1.71134 50.6644 -54.0639 11.6983 -20 1.48916e+09
-22.022 0.043956 29.4439 -32.5564 26.3218 2.26891 50.2098 -54.3453 12.2444 -20 1.48916e+09
-22.022 0.043956 29.7369 -31.7552 26.3233 2.23493 50.3832 -54.5992 12.673 -20 1.48916e+09
-22.022 0.043956 29.599 -31.7553 26.2991 2.80066 49.8848 -54.86 13.2309 -20 1.48916e+09
-22.022 0.043956 29.9172 -30.9344 26.3026 2.71979 50.0532 -55.0882 13.6683 -20 1.48916e+09
-22.022 0.043956 29.7891 -30.9341 26.279 3.27225 49.5409 -55.3328 14.2308 -20 1.48916e+09
-22.022 0.043956 30.0884 -30.1727 26.2816 3.20979 49.6403 -55.5409 14.6853 -20 1.48916e+09
-22.022 0.043956 30.1422 -29.8591 26.2689 3.50675 49.3594 -55.7627 15.21 -20 1.48916e+09
-22.022 0.043956 30.3583 -29.2621 26.266 3.57494 49.291 -55.9702 15.7004 -20 1.48916e+09
-22.022 0.043956 30.2777 -29.213 26.2452 4.06213 48.7863 -56.1832 16.2615 -20 1.48916e+09
-21.4424 0.043956 30.4465 -27.9693 26.2348 4.31563 50.3674 -56.5374 16.0672 -19.9994 1.48916e+09
-20.0073 0.043956 30.3066 -26.3097 26.2002 5.11585 53.7384 -56.957 15.1156 -20 1.48916e+09
-19.5528 0.043956 30.1127 -25.9361 26.1692 5.84166 54.0462 -57.1537 15.4642 -20 1.48916e+09
-18.9883 0.043956 29.8735 -25.4792 26.1338 6.66845 54.7035 -57.3701 15.6146 -20 1.48916e+09
-16.7034 0.043956 29.4153 -23.8453 26.0923 7.64082 58.9922 -57.2569 14.4487 -20 1.48916e+09
-16.6332 0.043956 29.4172 -23.546 26.0734 8.08204 58.3405 -57.3579 15.3317 -20 1.48916e+09
-15.5788 0.043956 29.0471 -23.019 26.037 8.93447 59.4754 -57.2632 15.4545 -20 1.48916e+09
-15.075 0.043956 28.7612 -22.8505 26.0032 9.72553 59.3742 -57.2576 16.0784 -20 1.48916e+09
-14.2371 0.043956 28.5066 -22.4308 25.9769 10.3396 59.9483 -57.0862 16.4784 -20 1.48916e+09
-13.8822 0.043956 28.3888 -22.1857 25.9553 10.8469 59.6594 -57.0383 17.1902 -20 1.48916e+09
-12.653 0.043956 28.0632 -21.6463 25.9308 11.4196 60.816 -56.6682 17.4053 -20 1.48916e+09
-12.5843 0.043956 28.1632 -21.3495 25.9223 11.6186 60.047 -56.633 18.3544 -20 1.48916e+09
-10.4567 0.043956 27.2096 -21.2083 25.8701 12.8403 62.0663 -55.9448 18.2173 -20 1.48916e+09
-10.6692 0.043956 27.6386 -20.6598 25.8811 12.5821 60.9892 -55.9196 19.3557 -20 1.48916e+09
-8.38322 0.043956 27.1132 -19.93 25.8646 12.9689 63.3433 -54.9331 19.3284 -20 1.48916e+09
-8.59309 0.043956 27.1757 -19.9367 25.8514 13.2778 61.8742 -54.9974 20.4828 -20 1.48916e+09
