-0.13186813 -0.21978022 3.3296703 -38.7309 23.2121 75.0367 23.3119 -58.1855 -17.8955 6.11881 1491405431.949
-0.13186813 -0.21978022 3.3296703 -38.734871 23.212106 75.036703 23.277679 -59.441166 -18.025108 6.0332613 1491405432.031
-0.13186813 -0.21978022 3.3296703 -39.704084 24.495229 47.922608 15.010989 -30.863389 -18.470881 6.8926663 1491405432.066
-0.13186813 -0.21978022 3.3296703 -40.137274 25.05177 53.258551 15.010989 -1.7068682 -14.730157 8.0344681 1491405432.127
-0.13186813 -0.21978022 3.3296703 -37.882707 27.772761 21.830413 24.006548 26.942965 -2.4501465 11.232241 1491405432.187
-0.13186813 -0.21978022 3.3296703 -37.378904 27.814842 21.517112 24.992022 27.01173 -2.5519436 11.779954 1491405432.229
-0.13186813 -0.21978022 3.3296703 -31.483519 30.471466 18.620371 39.051062 25.814715 2.6969413 18.738417 1491405432.277
-0.13186813 -0.21978022 3.3296703 -31.144685 30.542925 18.283228 39.829175 25.863756 2.7456816 19.112719 1491405432.333
-0.13186813 -0.21978022 3.3296703 -28.793431 32.196172 16.644739 46.613768 24.799644 5.7473468 22.73298 1491405432.405
-0.13186813 -0.21978022 3.3296703 -28.370128 32.417193 16.231653 47.794634 24.693821 6.0461744 23.320216 1491405432.485
-0.13186813 -0.21978022 3.3296703 -26.943684 32.418275 11.964283 52.650009 26.620809 9.7657184 25.010989 1491405432.542
-0.13186813 -0.21978022 3.3296703 -26.540994 32.63672 11.539743 53.657265 26.474524 10.047014 25.010989 1491405432.585
-0.13186813 -0.21978022 3.3296703 -25.927261 32.108279 8.3349063 56.163634 28.393806 12.481123 25.010989 1491405432.632
-0.13186813 -0.21978022 3.3296703 -25.457329 32.717569 8.4573992 57.315052 27.514077 12.599485 25.010989 1491405432.676
-0.13186813 -0.21978022 3.3296703 -25.030681 32.68615 6.7902196 59.191062 28.122758 14.075746 25.010989 1491405432.726
-0.13186813 -0.21978022 3.3296703 -24.60157 33.238762 6.6074718 60.485508 27.43549 14.455246 25.010989 1491405432.783
-0.13186813 -0.21978022 3.3296703 -24.292942 33.286773 5.1193888 62.300591 27.840894 15.912097 25.010989 1491405432.83
-0.13186813 -0.21978022 3.3296703 -23.910467 33.98499 5.2758428 63.3868 26.866382 15.99445 25.010989 1491405432.861
-0.13186813 -0.21978022 3.3296703 -23.570598 34.635648 5.3677467 64.417176 25.987739 16.081798 25.010989 1491405432.897
-0.13186813 -0.21978022 3.3296703 -23.318639 35.064587 5.002262 65.551556 25.538972 16.527878 25.010989 1491405432.94
-0.13186813 -0.21978022 3.3296703 -23.096905 35.509214 4.6315363 66.684107 25.075552 16.991603 25.010989 1491405432.985
-0.13186813 -0.21978022 3.3296703 -22.933352 35.875845 4.1919274 67.754043 24.733694 17.482558 25.010989 1491405433.052
-0.13186813 -0.21978022 3.3296703 -23.038461 35.762771 2.6083232 69.331616 25.307777 19.150999 25.010989 1491405433.096
-0.13186813 -0.21978022 3.3296703 -22.734168 36.679854 3.1678247 70.065473 24.023255 18.737031 25.010989 1491405433.133
-0.13186813 -0.21978022 3.3296703 -22.74706 36.960473 2.5464212 71.146347 23.846007 19.45189 25.010989 1491405433.168
-0.13186813 -0.21978022 3.3296703 -22.50902 37.805323 3.004496 71.82631 22.709354 19.069683 25.010989 1491405433.207
-0.13186813 -0.21978022 3.3296703 -22.585337 38.104479 2.4425775 72.826032 22.500831 19.731841 25.010989 1491405433.241
-0.13186813 -0.21978022 3.3296703 -22.452659 38.741191 2.6744756 73.437091 21.697158 19.486463 25.010989 1491405433.277
-0.13186813 -0.21978022 3.3296703 -22.590326 39.023972 2.1725407 74.331185 21.500885 20.077506 25.010989 1491405433.308
-0.13186813 -0.21978022 3.3296703 -22.418673 39.809198 2.6400936 74.842087 20.487967 19.565546 25.010989 1491405433.344
-0.13186813 -0.21978022 3.3296703 -22.711895 39.887653 1.9085617 75.710929 20.591106 20.395827 25.010989 1491405433.38
-0.13186813 -0.21978022 3.3296703 -22.700546 40.406784 2.025779 76.245066 19.990004 20.224429 25.010989 1491405433.412
-0.13186813 -0.21978022 3.3296703 -22.870074 40.795226 1.8360149 76.908983 19.619734 20.470919 25.010989 1491405433.439
-0.13186813 -0.21978022 3.3296703 -22.783794 41.468412 2.2066101 77.344573 18.798979 19.991345 25.010989 1491405433.475
-0.13186813 -0.21978022 3.3296703 -23.333726 41.281607 1.2807177 78.120881 19.256322 21.087011 25.010989 1491405433.526
-0.13186813 -0.21978022 3.3296703 -23.653787 41.539172 1.0076257 78.728981 19.074098 21.453639 25.010989 1491405433.561
-0.13186813 -0.21978022 3.3296703 -23.894331 41.853431 0.90758908 79.233157 18.794351 21.570913 25.010989 1491405433.597
-0.13186813 -0.21978022 3.3296703 -24.241856 42.214603 0.78809969 79.788882 18.476824 21.810986 25.010989 1491405433.637
-0.13186813 -0.21978022 3.3296703 -24.570262 42.62482 0.76967073 80.295688 18.090248 21.928589 25.010989 1491405433.67
-0.13186813 -0.21978022 3.3296703 -24.87905 43.001846 0.78347549 80.745538 17.738867 21.967429 25.010989 1491405433.707
-0.13186813 -0.21978022 3.3296703 -25.433419 43.134812 0.51495773 81.240371 17.729418 22.426458 25.010989 1491405433.75
-0.13186813 -0.21978022 3.3296703 -26.042093 43.2625 0.27253848 81.718735 17.730382 22.89475 25.010989 1491405433.788
-0.13186813 -0.21978022 3.3296703 -26.485428 43.732932 0.45039842 82.084758 17.287811 22.860935 25.010989 1491405433.816
-0.13186813 -0.21978022 3.3296703 -26.741157 44.298523 0.76642854 82.43539 16.692327 22.545934 25.010989 1491405433.856
-0.13186813 -0.21978022 3.3296703 -27.794172 44.047038 0.21818127 82.908392 17.195758 23.586786 25.010989 1491405433.895
-0.13186813 -0.21978022 3.3296703 -28.291205 44.344849 0.36739911 83.121829 16.970097 23.546268 25.005003 1491405433.921
-0.13186813 -0.21978022 3.3296703 -28.664754 44.844101 0.68817206 83.476715 16.459658 23.290684 25.010989 1491405433.957
-0.13186813 -0.21978022 3.3296703 -29.698579 44.679261 0.3970921 83.824998 16.834687 24.049833 25.010989 1491405433.991
-0.13186813 -0.21978022 3.3296703 -30.08627 45.217544 0.8405423 84.048309 16.297784 23.645787 25.010989 1491405434.032
-0.13186813 -0.21978022 3.3296703 -31.340884 45.089431 0.67015288 84.361385 16.637824 24.466738 25.010989 1491405434.066
-0.13186813 -0.21978022 3.3296703 -31.814402 45.50969 1.1197361 84.461478 16.260794 24.064195 24.994657 1491405434.112
-0.13186813 -0.21978022 3.3296703 -33.410678 45.411044 1.0709722 84.83319 16.586429 25.010989 25.010989 1491405434.139
-0.13186813 -0.21978022 3.3296703 -33.414261 46.498438 2.1500826 84.896438 15.377727 23.676029 25.010983 1491405434.172
-0.13186813 -0.21978022 3.3296703 -35.191001 45.880067 1.7895843 85.142973 16.295484 25.010989 25.010989 1491405434.203
-0.13186813 -0.21978022 3.3296703 -35.472087 46.548886 2.5344407 85.232849 15.595823 24.166764 25.010934 1491405434.237
-0.13186813 -0.21978022 3.3296703 -37.086983 46.196819 2.5473233 85.366208 16.174948 25.010989 25.010989 1491405434.27
-0.13186813 -0.21978022 3.3296703 -37.430057 47.005602 3.4885754 85.414233 15.317267 24.02004 24.989009 1491405434.307
-0.13186813 -0.21978022 3.3296703 -39.16321 46.427211 3.4189754 85.498878 16.132122 25.010989 25.010989 1491405434.332
-0.13186813 -0.21978022 3.3296703 -39.307628 47.326965 4.4490044 85.540167 15.148966 23.763796 25.010989 1491405434.366
-0.13186813 -0.21978022 3.3296703 -41.353495 46.487252 4.3212384 85.553735 16.266028 25.010989 25.010989 1491405434.394
-0.13186813 -0.21978022 3.3296703 -41.651467 46.965599 5.0165944 85.588955 15.77084 24.157447 25.010989 1491405434.428
-0.13186813 -0.21978022 3.3296703 -43.577487 46.344483 5.1883772 85.54556 16.607949 25.010989 25.010989 1491405434.458
-0.13186813 -0.21978022 3.3296703 -43.955174 46.76512 5.8933695 85.559494 16.172226 24.196692 25.010989 1491405434.493
-0.13186813 -0.21978022 3.3296703 -45.823535 46.041865 6.0403216 85.472382 17.095783 25.010989 25.010989 1491405434.523
-0.13186813 -0.21978022 3.3296703 -46.222376 46.584455 6.9244381 85.457941 16.50429 24.041149 25.010989 1491405434.563
-0.13186813 -0.21978022 3.3296703 -48.238964 45.62323 6.9928346 85.313207 17.676461 25.010989 25.010989 1491405434.594
-0.13186813 -0.21978022 3.3296703 -48.697344 45.895434 7.6578937 85.293927 17.386347 24.266233 25.010989 1491405434.635
-0.13186813 -0.21978022 3.3296703 -50.794296 45.022433 7.9876531 85.074557 18.430301 25.010989 25.010989 1491405434.667
-0.13186813 -0.21978022 3.3296703 -51.232616 45.257586 8.6454511 85.043075 18.165483 24.242929 25.010989 1491405434.701
-0.13186813 -0.21978022 3.3296703 -53.039501 44.219931 8.7184176 84.83279 19.363308 25.010989 25.010989 1491405434.731
-0.13186813 -0.21978022 3.3296703 -53.46979 44.588143 9.5585977 84.773879 18.923463 24.067561 25.010989 1491405434.766
-0.13186813 -0.21978022 3.3296703 -55.092578 43.585556 9.6429722 84.555636 20.053875 24.66733 25.010989 1491405434.802
-0.13186813 -0.21978022 3.3296703 -55.712867 43.662896 10.319546 84.460948 19.931732 23.998641 25.010989 1491405434.834
-0.13186813 -0.21978022 3.3296703 -56.832028 43.188973 10.738096 84.279015 20.427753 23.915254 25.010989 1491405434.864
-0.13186813 -0.21978022 3.3296703 -57.489208 42.969851 11.140926 84.183241 20.638351 23.504217 25.010989 1491405434.894
-0.13186813 -0.21978022 3.3296703 -58.44715 42.423239 11.411078 84.024975 21.21057 23.421077 25.010989 1491405434.924
-0.13186813 -0.21978022 3.3296703 -59.07712 42.16345 11.784376 83.919694 21.454515 23.008967 25.010989 1491405434.956
-0.13186813 -0.21978022 3.3296703 -60.038284 41.558567 12.039372 83.741272 22.0754 22.930189 25.010989 1491405434.984
-0.13186813 -0.21978022 3.3296703 -60.544496 41.424052 12.4908 83.643711 22.161938 22.358566 25.010989 1491405435.018
-0.13186813 -0.21978022 3.3296703 -61.556152 40.69246 12.694312 83.43563 22.907658 22.348456 25.010989 1491405435.054
-0.13186813 -0.21978022 3.3296703 -62.15054 40.440651 13.121631 83.30365 23.106944 21.853778 25.010989 1491405435.084
-0.13186813 -0.21978022 3.3296703 -62.86307 40.029597 13.48765 83.137894 23.474801 21.490178 25.010989 1491405435.114
-0.13186813 -0.21978022 3.3296703 -63.432209 39.698511 13.83457 83.004119 23.754402 21.044551 25.010989 1491405435.145
-0.13186813 -0.21978022 3.3296703 -64.102063 39.207887 14.109589 82.840395 24.204351 20.725535 25.010989 1491405435.176
-0.13186813 -0.21978022 3.3296703 -64.652989 38.834992 14.426247 82.698861 24.518725 20.290976 25.010989 1491405435.206
-0.13186813 -0.21978022 3.3296703 -65.228784 38.390574 14.702762 82.546181 24.906901 19.905783 25.010989 1491405435.233
-0.13186813 -0.21978022 3.3296703 -65.678917 38.082881 15.025153 82.419644 25.14076 19.400808 25.010989 1491405435.262
-0.13186813 -0.21978022 3.3296703 -66.218782 37.610275 15.267052 82.266392 25.551156 19.0212 25.010989 1491405435.291
-0.13186813 -0.21978022 3.3296703 -66.66281 37.229611 15.529391 82.134822 25.85833 18.564316 25.010989 1491405435.319
-0.13186813 -0.21978022 3.3296703 -67.115093 36.813435 15.774981 81.995062 26.199125 18.127106 25.010989 1491405435.347
-0.13186813 -0.21978022 3.3296703 -67.519861 36.429482 16.019035 81.865446 26.502117 17.663402 25.010989 1491405435.377
-0.13186813 -0.21978022 3.3296703 -67.965482 35.954487 16.223203 81.720035 26.898864 17.258536 25.010989 1491405435.401
-0.13186813 -0.21978022 3.3296703 -68.258002 35.680264 16.486761 81.615424 27.077882 16.715085 25.010989 1491405435.425
-0.13186813 -0.21978022 3.3296703 -68.623798 35.250257 16.674267 81.487606 27.423125 16.280627 25.010989 1491405435.454
-0.13186813 -0.21978022 3.3296703 -68.977574 34.82256 16.864677 81.357951 27.760693 15.838177 25.010989 1491405435.482
-0.13186813 -0.21978022 3.3296703 -69.301449 34.418545 17.058823 81.234363 28.069084 15.377866 25.010989 1491405435.509
-0.13186813 -0.21978022 3.3296703 -69.599285 34.028771 17.24878 81.116399 28.359666 14.909117 25.010989 1491405435.539
-0.13186813 -0.21978022 3.3296703 -69.938605 33.545183 17.408446 80.98051 28.744567 14.489551 25.010989 1491405435.564
-0.13186813 -0.21978022 3.3296703 -70.165797 33.232714 17.613229 80.878538 28.947276 13.975603 25.007896 1491405435.601
-0.13186813 -0.21978022 3.3296703 -70.604178 32.510068 17.702836 80.70244 29.571564 13.667363 25.010989 1491405435.629
-0.13186813 -0.21978022 3.3296703 -70.765731 32.291831 17.957667 80.616253 29.660423 13.084449 25.010989 1491405435.653
-0.13186813 -0.21978022 3.3296703 -71.043839 31.824276 18.114092 80.486849 30.011518 12.644764 25.010989 1491405435.679
-0.13186813 -0.21978022 3.3296703 -71.215952 31.395851 18.161567 80.3909 30.351682 12.233487 24.946205 1491405435.716
-0.13186813 -0.21978022 3.3296703 -71.573352 30.797319 18.388334 80.231843 30.798639 11.785983 25.010989 1491405435.741
-0.13186813 -0.21978022 3.3296703 -71.661237 30.49963 18.456258 80.154809 30.999854 11.320052 24.907476 1491405435.776
-0.13186813 -0.21978022 3.3296703 -72.041135 29.800252 18.716422 79.983312 31.523686 10.860061 25.010989 1491405435.803
-0.13186813 -0.21978022 3.3296703 -72.084377 29.731852 19.033157 79.920038 31.422855 10.200353 25.009152 1491405435.828
-0.13186813 -0.21978022 3.3296703 -72.337903 29.114398 19.140912 79.789075 31.900266 9.80406 25.010989 1491405435.86
-0.13186813 -0.21978022 3.3296703 -72.402956 28.571 18.992584 79.703239 32.376066 9.4911117 24.78695 1491405435.889
-0.13186813 -0.21978022 3.3296703 -72.560852 28.140603 19.189178 79.598328 32.645421 8.9856576 24.793239 1491405435.926
-0.13186813 -0.21978022 3.3296703 -72.693224 27.751357 19.432245 79.5016 32.858254 8.4361448 24.811483 1491405435.957
-0.13186813 -0.21978022 3.3296703 -72.779423 27.289834 19.497683 79.415691 33.184967 7.9988954 24.738745 1491405436
-0.13186813 -0.21978022 3.3296703 -72.917437 26.722867 19.718873 79.316527 33.565338 7.4687682 24.784735 1491405436.029
-0.13186813 -0.21978022 3.3296703 -72.945871 26.47374 19.893944 79.250833 33.651289 6.9417588 24.728003 1491405436.065
-0.13186813 -0.21978022 3.3296703 -73.050401 25.908552 20.16438 79.162941 34.008235 6.3668923 24.798727 1491405436.099
-0.13186813 -0.21978022 3.3296703 -73.051694 25.553855 20.239772 79.103535 34.21454 5.9089041 24.698295 1491405436.12
-0.13186813 -0.21978022 3.3296703 -73.082678 25.530881 20.777368 79.046184 33.987278 5.1507376 24.803858 1491405436.141
-0.13186813 -0.21978022 3.3296703 -73.093864 25.511512 21.230596 78.993678 33.779237 4.4588244 24.84954 1491405436.161
-0.13186813 -0.21978022 3.3296703 -73.104863 25.491014 21.710269 78.94285 33.567239 3.7580926 24.904444 1491405436.183
-0.13186813 -0.21978022 3.3296703 -73.107105 25.471674 22.162807 78.89488 33.361852 3.0852685 24.936143 1491405436.204
-0.13186813 -0.21978022 3.3296703 -73.10273 25.452816 22.604099 78.849462 33.159734 2.4288024 24.954734 1491405436.225
-0.13186813 -0.21978022 3.3296703 -73.092721 25.434682 23.028422 78.80634 32.961668 1.7938506 24.957887 1491405436.248
-0.13186813 -0.21978022 3.3296703 -73.080586 25.415289 23.482221 78.766255 32.759364 1.1458318 24.973027 1491405436.27
-0.13186813 -0.21978022 3.3296703 -73.059869 25.39767 23.894516 78.728252 32.565147 0.53669626 24.95837 1491405436.293
-0.13186813 -0.21978022 3.3296703 -73.03567 25.379287 24.324662 78.693493 32.368835 -0.077486014 24.949505 1491405436.315
-0.13186813 -0.21978022 3.3296703 -73.004879 25.362165 24.725323 78.660658 32.178093 -0.66130444 24.918916 1491405436.337
-0.13186813 -0.21978022 3.3296703 -72.969682 25.34461 25.136108 78.631117 31.98661 -1.2449752 24.890102 1491405436.359
-0.13186813 -0.21978022 3.3296703 -72.92869 25.327951 25.525936 78.603565 31.799067 -1.8048708 24.845179 1491405436.38
-0.13186813 -0.21978022 3.3296703 -72.883136 25.311501 25.910857 78.578613 31.612992 -2.3531109 24.794069 1491405436.402
-0.13186813 -0.21978022 3.3296703 -72.832767 25.295219 26.291854 78.556366 31.428263 -2.8907994 24.737447 1491405436.423
-0.13186813 -0.21978022 3.3296703 -72.777689 25.27934 26.663425 78.536446 31.245593 -3.4136352 24.672448 1491405436.444
-0.13186813 -0.21978022 3.3296703 -72.718059 25.263803 27.026992 78.518869 31.064763 -3.9228408 24.600181 1491405436.466
-0.13186813 -0.21978022 3.3296703 -72.653792 25.248244 27.391085 78.504269 30.884747 -4.4253729 24.525699 1491405436.487
-0.13186813 -0.21978022 3.3296703 -72.58425 25.232703 27.754728 78.49269 30.705769 -4.9210047 24.448309 1491405436.509
-0.13186813 -0.21978022 3.3296703 -72.51041 25.217585 28.108502 78.483241 30.52885 -5.4016375 24.363163 1491405436.531
-0.13186813 -0.21978022 3.3296703 -72.431366 25.202527 28.460866 78.476759 30.353159 -5.8748235 24.275001 1491405436.552
-0.13186813 -0.21978022 3.3296703 -72.347647 25.187734 28.807012 78.472671 30.179191 -6.3364992 24.181342 1491405436.574
-0.13186813 -0.21978022 3.3296703 -72.259932 25.173329 29.144081 78.470598 30.007189 -6.7840573 24.081021 1491405436.595
-0.13186813 -0.21978022 3.3296703 -72.167855 25.159048 29.478269 78.471218 29.836632 -7.2228033 23.977737 1491405436.616
-0.13186813 -0.21978022 3.3296703 -72.07027 25.14471 29.813779 78.474948 29.667287 -7.6571104 23.873455 1491405436.638
-0.13186813 -0.21978022 3.3296703 -71.967101 25.130382 30.149048 78.481554 29.499362 -8.0858847 23.767216 1491405436.66
-0.13186813 -0.21978022 3.3296703 -71.8597 25.116371 30.476908 78.490186 29.333383 -8.5024793 23.655606 1491405436.682
-0.13186813 -0.21978022 3.3296703 -71.746816 25.102438 30.802927 78.501507 29.169066 -8.9124378 23.541441 1491405436.703
-0.13186813 -0.21978022 3.3296703 -71.633066 25.089279 31.11086 78.512995 29.007172 -9.2996233 23.417277 1491405436.725
-0.13186813 -0.21978022 3.3296703 -71.509673 25.075485 31.433646 78.52985 28.846381 -9.6967683 23.299207 1491405436.746
-0.13186813 -0.21978022 3.3296703 -71.389023 25.063117 31.723048 78.544184 28.688528 -10.056719 23.163635 1491405436.767
-0.13186813 -0.21978022 3.3296703 -71.258373 25.049806 32.034533 78.564465 28.531616 -10.433202 23.038356 1491405436.789
-0.13186813 -0.21978022 3.3296703 -71.122859 25.036704 32.341116 78.586639 28.376737 -10.800849 22.909368 1491405436.81
-0.13186813 -0.21978022 3.3296703 -70.985883 25.024225 32.633132 78.609118 28.224079 -11.149594 22.772684 1491405436.832
-0.13186813 -0.21978022 3.3296703 -70.842695 25.01162 32.928084 78.634635 28.073333 -11.497123 22.636764 1491405436.853
-0.13186813 -0.21978022 3.3296703 -70.694907 24.999271 33.217049 78.661558 27.924722 -11.835338 22.496814 1491405436.875
-0.13186813 -0.21978022 3.3296703 -70.542484 24.98689 33.506749 78.690728 27.778051 -12.169693 22.356924 1491405436.896
-0.13186813 -0.21978022 3.3296703 -70.391449 24.97529 33.778193 78.718882 27.633377 -12.480734 22.208627 1491405436.917
-0.13186813 -0.21978022 3.3296703 -70.2288 24.963003 34.065714 78.751932 27.491028 -12.805817 22.066508 1491405436.939
-0.13186813 -0.21978022 3.3296703 -70.067274 24.951522 34.33438 78.783928 27.350699 -13.107393 21.915721 1491405436.961
-0.13186813 -0.21978022 3.3296703 -69.890142 24.938889 34.629978 78.822441 27.213106 -13.434868 21.775547 1491405436.983
-0.13186813 -0.21978022 3.3296703 -69.724887 24.92816 34.881041 78.855079 27.076768 -13.71034 21.61644 1491405437.005
-0.13186813 -0.21978022 3.3296703 -69.536379 24.915568 35.175685 78.897058 26.944057 -14.031256 21.474287 1491405437.027
-0.13186813 -0.21978022 3.3296703 -69.362264 24.905004 35.422882 78.932357 26.812087 -14.296026 21.312782 1491405437.048
-0.13186813 -0.21978022 3.3296703 -69.170639 24.893309 35.69656 78.974042 26.683689 -14.588566 21.160917 1491405437.068
-0.13186813 -0.21978022 3.3296703 -68.99754 24.883736 35.920563 79.008042 26.555253 -14.820646 20.990618 1491405437.089
-0.13186813 -0.21978022 3.3296703 -68.799256 24.872336 36.187334 79.050729 26.431404 -15.100154 20.835601 1491405437.11
-0.13186813 -0.21978022 3.3296703 -68.614441 24.862519 36.417038 79.087981 26.307867 -15.333172 20.667482 1491405437.132
-0.13186813 -0.21978022 3.3296703 -68.400109 24.850641 36.694989 79.134398 26.189708 -15.621505 20.515071 1491405437.155
-0.13186813 -0.21978022 3.3296703 -68.1969 24.840191 36.93951 79.176224 26.072008 -15.867695 20.350721 1491405437.178
-0.13186813 -0.21978022 3.3296703 -67.982089 24.82922 37.196245 79.221014 25.957727 -16.126466 20.189899 1491405437.199
-0.13186813 -0.21978022 3.3296703 -67.772999 24.819104 37.432946 79.262686 25.844367 -16.358765 20.021994 1491405437.221
-0.13186813 -0.21978022 3.3296703 -67.551616 24.808485 37.681445 79.307024 25.7346 -16.604202 19.856928 1491405437.243
-0.13186813 -0.21978022 3.3296703 -67.335998 24.798623 37.912208 79.348707 25.625775 -16.825115 19.68654 1491405437.265
-0.13186813 -0.21978022 3.3296703 -67.110101 24.788326 38.153148 79.392048 25.520277 -17.056791 19.518644 1491405437.288
-0.13186813 -0.21978022 3.3296703 -66.870396 24.777492 38.406671 79.437277 25.41857 -17.303728 19.352438 1491405437.309
-0.13186813 -0.21978022 3.3296703 -66.659052 24.768959 38.606356 79.474878 25.314325 -17.47929 19.173048 1491405437.33
-0.13186813 -0.21978022 3.3296703 -66.417424 24.758652 38.847533 79.517873 25.216561 -17.707589 19.002774 1491405437.351
-0.13186813 -0.21978022 3.3296703 -66.198363 24.750134 39.04686 79.555186 25.117084 -17.878906 18.823572 1491405437.372
-0.13186813 -0.21978022 3.3296703 -65.950019 24.739986 39.284303 79.596154 25.023808 -18.100047 18.650903 1491405437.396
-0.13186813 -0.21978022 3.3296703 -65.706918 24.7304 39.508636 79.634737 24.931413 -18.301261 18.475588 1491405437.418
-0.13186813 -0.21978022 3.3296703 -65.455909 24.720625 39.737351 79.67285 24.841917 -18.507519 18.299901 1491405437.44
-0.13186813 -0.21978022 3.3296703 -65.216178 24.711961 39.940109 79.708197 24.752431 -18.678499 18.119119 1491405437.46
-0.13186813 -0.21978022 3.3296703 -64.979652 24.703555 40.136809 79.741101 24.664027 -18.838288 17.938109 1491405437.481
-0.13186813 -0.21978022 3.3296703 -64.724437 24.694287 40.353667 79.77477 24.580357 -19.025427 17.759107 1491405437.502
-0.13186813 -0.21978022 3.3296703 -64.479647 24.685895 40.550046 79.805608 24.496671 -19.183074 17.577216 1491405437.525
-0.13186813 -0.21978022 3.3296703 -64.207456 24.67605 40.780428 79.836609 24.418835 -19.387056 17.397975 1491405437.547
-0.13186813 -0.21978022 3.3296703 -63.956406 24.667692 40.976004 79.864294 24.339309 -19.540651 17.215243 1491405437.569
-0.13186813 -0.21978022 3.3296703 -63.690495 24.658687 41.186711 79.890524 24.263582 -19.715233 17.032513 1491405437.606
-0.13186813 -0.21978022 3.3296703 -63.271708 24.640951 41.601733 79.915574 24.211614 -20.1804 16.854714 1491405437.632
-0.13186813 -0.21978022 3.3296703 -63.044679 24.634784 41.746049 79.936724 24.132261 -20.253834 16.665677 1491405437.661
-0.13186813 -0.21978022 3.3296703 -62.606444 24.616653 42.170297 79.948385 24.084186 -20.733498 16.47423 1491405437.686
-0.13186813 -0.21978022 3.3296703 -62.381557 24.611077 42.300791 79.96588 24.006968 -20.780834 16.283321 1491405437.71
-0.13186813 -0.21978022 3.3296703 -62.001572 24.596881 42.63296 79.969058 23.952017 -21.125706 16.083038 1491405437.733
-0.13186813 -0.21978022 3.3296703 -61.754205 24.590382 42.785039 79.980594 23.880615 -21.200883 15.890463 1491405437.763
-0.13186813 -0.21978022 3.3296703 -61.329223 24.574198 43.16375 79.967014 23.832349 -21.615833 15.67632 1491405437.785
-0.13186813 -0.21978022 3.3296703 -61.10464 24.569237 43.279837 79.976385 23.760594 -21.630457 15.48648 1491405437.816
-0.13186813 -0.21978022 3.3296703 -60.604066 24.549242 43.747721 79.933534 23.720282 -22.180237 15.248301 1491405437.847
-0.13186813 -0.21978022 3.3296703 -60.333113 24.542176 43.913063 79.928961 23.655667 -22.2638 15.048606 1491405437.878
-0.13186813 -0.21978022 3.3296703 -59.878473 24.52518 44.310774 79.875818 23.608651 -22.70504 14.804314 1491405437.91
-0.13186813 -0.21978022 3.3296703 -59.564351 24.516111 44.52299 79.85197 23.549287 -22.855671 14.59115 1491405437.941
-0.13186813 -0.21978022 3.3296703 -59.140336 24.501055 44.875291 79.78777 23.497639 -23.222627 14.342912 1491405437.97
-0.13186813 -0.21978022 3.3296703 -58.818301 24.49181 45.091631 79.750853 23.43975 -23.373804 14.124202 1491405438.003
-0.13186813 -0.21978022 3.3296703 -58.381363 24.476355 45.453277 79.662942 23.386469 -23.753477 13.859726 1491405438.036
-0.13186813 -0.21978022 3.3296703 -58.02519 24.465314 45.711628 79.597621 23.32921 -23.963335 13.623146 1491405438.07
-0.13186813 -0.21978022 3.3296703 -57.594167 24.450222 46.064787 79.489409 23.271983 -24.322581 13.34959 1491405438.103
-0.13186813 -0.21978022 3.3296703 -57.233987 24.439203 46.322647 79.405816 23.213351 -24.5261 13.104195 1491405438.136
-0.13186813 -0.21978022 3.3296703 -56.810003 24.424502 46.666651 79.277453 23.15181 -24.863693 12.822714 1491405438.166
-0.13186813 -0.21978022 3.3296703 -56.465488 24.414453 46.901777 79.185623 23.092234 -25.023104 12.580413 1491405438.203
-0.13186813 -0.21978022 3.3296703 -55.978117 24.395901 47.335899 78.989853 23.02047 -25.497631 12.249168 1491405438.238
-0.13186813 -0.21978022 3.3296703 -55.629076 24.385607 47.576773 78.875096 22.957901 -25.655746 11.998211 1491405438.267
-0.13186813 -0.21978022 3.3296703 -55.246017 24.373036 47.870946 78.723332 22.889368 -25.894457 11.721395 1491405438.295
-0.13186813 -0.21978022 3.3296703 -54.899179 24.362607 48.114971 78.589391 22.824295 -26.047962 11.467451 1491405438.324
-0.13186813 -0.21978022 3.3296703 -54.524892 24.350367 48.401397 78.421158 22.75273 -26.26644 11.189346 1491405438.354
-0.13186813 -0.21978022 3.3296703 -54.17986 24.339658 48.651984 78.265133 22.683933 -26.419866 10.931245 1491405438.385
-0.13186813 -0.21978022 3.3296703 -53.800668 24.326598 48.957582 78.063515 22.604601 -26.658151 10.639694 1491405438.415
-0.13186813 -0.21978022 3.3296703 -53.458136 24.315797 49.210327 77.88672 22.532311 -26.805523 10.377997 1491405438.447
-0.13186813 -0.21978022 3.3296703 -53.07948 24.302246 49.527437 77.654636 22.445013 -27.050759 10.076239 1491405438.48
-0.13186813 -0.21978022 3.3296703 -52.724724 24.289971 49.814658 77.432902 22.360966 -27.239517 9.7933751 1491405438.51
-0.13186813 -0.21978022 3.3296703 -52.379747 24.278038 50.093905 77.20742 22.276545 -27.408047 9.5167226 1491405438.542
-0.13186813 -0.21978022 3.3296703 -52.027221 24.265217 50.393899 76.954122 22.183568 -27.603583 9.2247946 1491405438.573
-0.13186813 -0.21978022 3.3296703 -51.688614 24.25296 50.680711 76.701513 22.091553 -27.769038 8.9439877 1491405438.604
-0.13186813 -0.21978022 3.3296703 -51.35128 24.240327 50.976339 76.4315 21.99415 -27.940258 8.658415 1491405438.635
-0.13186813 -0.21978022 3.3296703 -51.018573 24.227599 51.27418 76.149103 21.893085 -28.106725 8.3723597 1491405438.665
-0.13186813 -0.21978022 3.3296703 -50.699873 24.215398 51.559666 75.868099 21.79351 -28.243669 8.0988011 1491405438.698
-0.13186813 -0.21978022 3.3296703 -50.363547 24.200933 51.898155 75.529221 21.671244 -28.453392 7.7879641 1491405438.727
-0.13186813 -0.21978022 3.3296703 -50.072659 24.19018 52.149784 75.260626 21.580128 -28.518897 7.5461598 1491405438.757
-0.13186813 -0.21978022 3.3296703 -49.756869 24.176068 52.479995 74.909728 21.454222 -28.694993 7.2480858 1491405438.787
-0.13186813 -0.21978022 3.3296703 -49.471819 24.164405 52.752918 74.604811 21.350452 -28.772856 6.9991131 1491405438.817
-0.13186813 -0.21978022 3.3296703 -49.176622 24.150665 53.074419 74.244165 21.222206 -28.913545 6.7163912 1491405438.846
-0.13186813 -0.21978022 3.3296703 -48.905305 24.138794 53.352204 73.91894 21.112369 -28.977328 6.4740694 1491405438.875
-0.13186813 -0.21978022 3.3296703 -48.628479 24.125124 53.672097 73.543589 20.97947 -29.092469 6.2032671 1491405438.902
-0.13186813 -0.21978022 3.3296703 -48.377521 24.114043 53.93138 73.222753 20.875796 -29.108517 5.9867045 1491405438.928
-0.13186813 -0.21978022 3.3296703 -48.131837 24.102342 54.205178 72.881522 20.763091 -29.134777 5.7657692 1491405438.953
-0.13186813 -0.21978022 3.3296703 -47.898492 24.09134 54.462642 72.551768 20.658088 -29.127821 5.5646236 1491405438.979
-0.13186813 -0.21978022 3.3296703 -47.663797 24.078609 54.760527 72.173753 20.528887 -29.167879 5.3370414 1491405439.007
-0.13186813 -0.21978022 3.3296703 -47.441526 24.066728 55.038545 71.811301 20.409866 -29.169098 5.1326012 1491405439.034
-0.13186813 -0.21978022 3.3296703 -47.223096 24.053722 55.3429 71.41563 20.27383 -29.195008 4.9143691 1491405439.06
-0.13186813 -0.21978022 3.3296703 -47.017223 24.041513 55.628588 71.03577 20.148168 -29.182807 4.7201138 1491405439.087
-0.13186813 -0.21978022 3.3296703 -46.814148 24.027746 55.950727 70.611448 19.998322 -29.207927 4.503591 1491405439.114
-0.13186813 -0.21978022 3.3296703 -46.622588 24.014504 56.260582 70.196819 19.855397 -29.202381 4.3069857 1491405439.141
-0.13186813 -0.21978022 3.3296703 -46.439764 24.000782 56.581699 69.766665 19.704234 -29.197312 4.111392 1491405439.168
-0.13186813 -0.21978022 3.3296703 -46.264179 23.985981 56.928038 69.305347 19.535129 -29.210042 3.9052707 1491405439.195
-0.13186813 -0.21978022 3.3296703 -46.098325 23.971676 57.26277 68.853291 19.373036 -29.193222 3.7181327 1491405439.22
-0.13186813 -0.21978022 3.3296703 -45.944503 23.957994 57.582928 68.41632 19.220986 -29.141655 3.5555543 1491405439.245
-0.13186813 -0.21978022 3.3296703 -45.799708 23.943777 57.915605 67.963717 19.059564 -29.091191 3.3935552 1491405439.27
-0.13186813 -0.21978022 3.3296703 -45.686138 23.958631 57.568024 68.271861 19.384229 -28.200863 3.7861727 1491405439.295
